REM  Relative accessibilites read from external file "standard.data"
REM  File of summed (Sum) and % (per.) accessibilities for 
REM RES _ NUM      All-atoms   Total-Side   Main-Chain    Non-polar    All polar
REM                ABS   REL    ABS   REL    ABS   REL    ABS   REL    ABS   REL
RES LYS A   1   234.11 116.6 168.48 103.2  65.63 175.0 128.65 110.4 105.46 125.2
RES GLU A   2    78.59  45.6  54.84  40.7  23.75  63.3  34.32  56.9  44.27  39.5
RES THR A   3    82.77  59.4  81.80  80.4   0.96   2.6  76.03 100.4   6.73  10.6
RES ALA A   4    44.39  41.1  35.68  51.4   8.70  22.6  35.68  50.0   8.70  23.8
RES ALA A   5    39.26  36.4  33.78  48.7   5.49  14.2  34.34  48.1   4.92  13.5
RES ALA A   6    35.05  32.5  33.54  48.3   1.51   3.9  33.54  47.0   1.51   4.1
RES LYS A   7    64.34  32.0  64.34  39.4   0.00   0.0  38.40  32.9  25.94  30.8
RES PHE A   8     4.42   2.2   4.19   2.6   0.23   0.6   4.19   2.5   0.23   0.7
RES GLU A   9    93.45  54.3  88.62  65.8   4.83  12.9  38.04  63.1  55.41  49.5
RES ARG A  10    76.85  32.2  76.08  37.8   0.77   2.0  48.18  61.9  28.68  17.8
RES GLN A  11    13.65   7.6  13.65   9.7   0.00   0.0   0.00   0.0  13.65  10.8
RES HIS A  12     2.32   1.3   2.32   1.6   0.00   0.0   2.32   2.4   0.00   0.0
RES MET A  13    17.58   9.1   9.27   5.9   8.31  22.1   9.69   6.1   7.89  21.7
RES ASP A  14    13.35   9.5  13.35  13.0   0.00   0.0   3.35   6.8  10.00  11.0
RES SER A  15    63.24  54.3  39.57  50.7  23.66  61.6  33.94  69.9  29.29  43.1
RES SER A  16    98.31  84.4  68.43  87.6  29.87  77.8  60.66 124.9  37.65  55.4
RES THR A  17    44.56  32.0  44.56  43.8   0.00   0.0  44.56  58.9   0.00   0.0
RES SER A  18    89.28  76.6  82.02 105.0   7.27  18.9  48.39  99.7  40.89  60.2
RES ALA A  19    47.52  44.0  39.11  56.3   8.41  21.8  39.21  54.9   8.31  22.7
RES ALA A  20    19.70  18.2   2.50   3.6  17.19  44.6   2.59   3.6  17.10  46.8
RES SER A  21   100.26  86.1  70.35  90.1  29.91  77.9  54.97 113.2  45.29  66.7
RES SER A  22    51.01  43.8  46.23  59.2   4.78  12.4  44.44  91.5   6.57   9.7
RES SER A  23    65.41  56.1  56.33  72.1   9.07  23.6  39.20  80.7  26.20  38.6
RES ASN A  24    38.96  27.1  38.89  36.6   0.07   0.2  14.42  31.2  24.54  25.1
RES TYR A  25    15.54   7.3  14.91   8.4   0.63   1.8  14.91  10.9   0.63   0.8
RES CYS A  26     0.00   0.0   0.00   0.0   0.00   0.0   0.00   0.0   0.00   0.0
RES ASN A  27    45.69  31.7  35.86  33.8   9.84  26.1   6.23  13.5  39.47  40.4
RES GLN A  28    54.54  30.6  54.10  38.4   0.44   1.2  15.56  29.8  38.99  30.9
RES MET A  29    26.16  13.5  26.16  16.7   0.00   0.0  26.16  16.6   0.00   0.0
RES MET A  30     0.25   0.1   0.25   0.2   0.00   0.0   0.25   0.2   0.00   0.0
RES LYS A  31    63.53  31.6  61.34  37.6   2.18   5.8  59.90  51.4   3.63   4.3
RES SER A  32    41.90  36.0  19.29  24.7  22.61  58.9  18.08  37.2  23.82  35.1
RES ARG A  33    38.34  16.1  38.15  19.0   0.19   0.5   8.67  11.1  29.67  18.4
RES ASN A  34    73.92  51.4  64.05  60.3   9.87  26.2   5.66  12.2  68.26  69.8
RES LEU A  35     3.84   2.2   3.71   2.6   0.13   0.3   3.84   2.7   0.00   0.0
RES THR A  36    24.49  17.6  22.51  22.1   1.98   5.3  21.65  28.6   2.84   4.5
RES LYS A  37   126.40  62.9 117.74  72.1   8.66  23.1  72.53  62.2  53.87  63.9
RES ASP A  38    65.38  46.6  53.18  51.8  12.20  32.4   8.96  18.2  56.42  61.9
RES ARG A  39    49.92  20.9  49.92  24.8   0.00   0.0   3.62   4.7  46.30  28.8
RES CYS A  40    10.01   7.5   3.07   3.2   6.93  18.5   3.07   3.1   6.93  19.1
RES LYS A  41     0.57   0.3   0.57   0.3   0.00   0.0   0.40   0.3   0.17   0.2
RES PRO A  42    21.32  15.7  20.46  17.1   0.85   5.2  20.46  16.9   0.85   5.6
RES VAL A  43    38.49  25.4  38.36  33.6   0.13   0.3  38.36  33.2   0.13   0.4
RES ASN A  44     3.67   2.5   3.54   3.3   0.13   0.3   3.64   7.9   0.03   0.0
RES THR A  45     7.33   5.3   5.43   5.3   1.90   5.0   5.43   7.2   1.90   3.0
RES PHE A  46     0.00   0.0   0.00   0.0   0.00   0.0   0.00   0.0   0.00   0.0
RES VAL A  47     0.00   0.0   0.00   0.0   0.00   0.0   0.00   0.0   0.00   0.0
RES HIS A  48     8.81   4.8   0.20   0.1   8.61  24.1   0.20   0.2   8.61  10.0
RES GLU A  49    50.92  29.6  50.43  37.4   0.50   1.3   9.56  15.9  41.37  36.9
RES SER A  50    61.13  52.5  55.13  70.6   6.00  15.6  43.91  90.4  17.22  25.3
RES LEU A  51    53.34  29.9  50.40  35.7   2.94   7.8  50.40  35.4   2.94   8.1
RES ALA A  52    74.98  69.5  66.06  95.2   8.91  23.1  66.85  93.6   8.13  22.2
RES ASP A  53    67.90  48.4  66.87  65.1   1.02   2.7  16.14  32.8  51.75  56.8
RES VAL A  54     0.16   0.1   0.16   0.1   0.00   0.0   0.16   0.1   0.00   0.0
RES GLN A  55    50.04  28.0  43.61  30.9   6.43  17.1  29.72  56.9  20.32  16.1
RES ALA A  56    44.99  41.7  44.73  64.4   0.25   0.7  44.73  62.7   0.25   0.7
RES VAL A  57     0.00   0.0   0.00   0.0   0.00   0.0   0.00   0.0   0.00   0.0
RES CYS A  58     5.92   4.4   3.97   4.1   1.95   5.2   3.99   4.1   1.93   5.3
RES SER A  59   101.10  86.8  72.68  93.0  28.42  74.0  55.98 115.3  45.11  66.4
RES GLN A  60    49.97  28.0  39.32  27.9  10.64  28.4  16.11  30.8  33.86  26.8
RES LYS A  61    94.67  47.1  94.67  58.0   0.00   0.0  51.57  44.2  43.10  51.2
RES ASN A  62    79.69  55.4  53.73  50.6  25.96  68.9  29.79  64.4  49.90  51.1
RES VAL A  63    35.77  23.6  35.24  30.8   0.53   1.4  35.77  31.0   0.00   0.0
RES ALA A  64    66.08  61.2  40.86  58.9  25.22  65.4  40.86  57.2  25.22  68.9
RES CYS A  65    10.82   8.1   1.31   1.3   9.52  25.4   3.23   3.3   7.60  20.9
RES LYS A  66   135.67  67.6 119.91  73.4  15.76  42.0 105.98  90.9  29.68  35.2
RES ASN A  67    23.76  16.5   8.83   8.3  14.94  39.6   6.56  14.2  17.20  17.6
RES GLY A  68    52.90  66.0  26.73  82.7  26.17  54.8  29.48  78.5  23.42  55.0
RES GLN A  69    51.03  28.6  51.03  36.2   0.00   0.0  28.67  54.9  22.36  17.7
RES THR A  70   102.17  73.4 100.38  98.7   1.79   4.8  72.03  95.1  30.14  47.4
RES ASN A  71    28.28  19.6  27.82  26.2   0.46   1.2  21.49  46.5   6.79   6.9
RES CYS A  72     0.00   0.0   0.00   0.0   0.00   0.0   0.00   0.0   0.00   0.0
RES TYR A  73    34.90  16.4  34.90  19.7   0.00   0.0  10.23   7.5  24.68  32.4
RES GLN A  74    26.03  14.6  26.03  18.5   0.00   0.0   0.00   0.0  26.03  20.6
RES SER A  75     0.71   0.6   0.69   0.9   0.02   0.1   0.71   1.5   0.00   0.0
RES TYR A  76   131.27  61.7 122.53  69.1   8.74  24.7  99.98  73.2  31.29  41.0
RES SER A  77    71.13  61.1  69.67  89.2   1.46   3.8  32.72  67.4  38.42  56.5
RES THR A  78    65.28  46.9  42.86  42.1  22.42  59.7  24.43  32.3  40.85  64.3
RES MET A  79     4.66   2.4   4.66   3.0   0.00   0.0   4.66   2.9   0.00   0.0
RES SER A  80    13.02  11.2  12.14  15.5   0.88   2.3  10.42  21.5   2.60   3.8
RES ILE A  81     0.07   0.0   0.07   0.0   0.00   0.0   0.07   0.0   0.00   0.0
RES THR A  82     0.08   0.1   0.08   0.1   0.00   0.0   0.08   0.1   0.00   0.0
RES ASP A  83    16.07  11.4  15.77  15.4   0.31   0.8   0.71   1.4  15.36  16.9
RES CYS A  84     0.00   0.0   0.00   0.0   0.00   0.0   0.00   0.0   0.00   0.0
RES ARG A  85   112.36  47.1 112.36  55.8   0.00   0.0  45.73  58.8  66.63  41.4
RES GLU A  86    40.83  23.7  20.30  15.1  20.52  54.7   4.67   7.7  36.16  32.3
RES THR A  87    36.82  26.4  28.79  28.3   8.03  21.4  30.72  40.6   6.10   9.6
RES GLY A  88    19.08  23.8  12.53  38.8   6.55  13.7  12.53  33.4   6.55  15.4
RES SER A  89    31.46  27.0  19.00  24.3  12.47  32.5  17.94  36.9  13.53  19.9
RES SER A  90     4.17   3.6   0.00   0.0   4.17  10.9   0.00   0.0   4.17   6.1
RES LYS A  91    84.39  42.0  81.95  50.2   2.45   6.5  43.82  37.6  40.57  48.2
RES TYR A  92    92.10  43.3  75.53  42.6  16.57  46.8  49.57  36.3  42.53  55.8
RES PRO A  93    98.81  72.6  88.50  73.8  10.31  63.5  88.51  73.2  10.29  67.8
RES ASN A  94    96.90  67.3  96.90  91.2   0.00   0.0  25.85  55.9  71.06  72.7
RES CYS A  95    30.39  22.6   2.71   2.8  27.68  73.8   3.27   3.3  27.12  74.6
RES ALA A  96    24.74  22.9  24.74  35.6   0.00   0.0  24.74  34.7   0.00   0.0
RES TYR A  97    11.11   5.2   1.98   1.1   9.13  25.8   1.98   1.5   9.13  12.0
RES LYS A  98   127.15  63.3 126.97  77.8   0.17   0.5  80.36  68.9  46.79  55.5
RES THR A  99    22.07  15.8   6.91   6.8  15.15  40.3   6.91   9.1  15.15  23.8
RES THR A 100    50.49  36.3  50.35  49.5   0.14   0.4  47.50  62.7   2.99   4.7
RES GLN A 101    68.38  38.3  40.84  29.0  27.54  73.4  41.01  78.5  27.36  21.7
RES ALA A 102    30.28  28.0  30.27  43.6   0.00   0.0  30.27  42.4   0.00   0.0
RES ASN A 103    91.99  63.9  71.20  67.0  20.78  55.1  19.70  42.6  72.29  74.0
RES LYS A 104    76.39  38.0  76.39  46.8   0.00   0.0  37.91  32.5  38.48  45.7
RES HIS A 105    53.85  29.4  53.85  36.6   0.00   0.0  29.30  30.2  24.55  28.6
RES ILE A 106     0.93   0.5   0.93   0.7   0.00   0.0   0.93   0.7   0.00   0.0
RES ILE A 107    21.15  12.1  21.15  15.3   0.00   0.0  21.15  15.2   0.00   0.0
RES VAL A 108     1.64   1.1   1.41   1.2   0.23   0.6   1.41   1.2   0.23   0.6
RES ALA A 109     0.07   0.1   0.00   0.0   0.07   0.2   0.07   0.1   0.00   0.0
RES CYS A 110     0.96   0.7   0.85   0.9   0.11   0.3   0.85   0.9   0.11   0.3
RES GLU A 111    44.73  26.0  37.99  28.2   6.74  18.0  28.99  48.1  15.74  14.1
RES GLY A 112    41.08  51.3  34.57 106.9   6.51  13.6  34.63  92.2   6.45  15.2
RES ASN A 113   140.78  97.8 106.64 100.4  34.14  90.6  35.48  76.7 105.31 107.8
RES PRO A 114   116.84  85.8 113.33  94.5   3.52  21.7 113.33  93.7   3.52  23.2
RES TYR A 115    68.26  32.1  53.65  30.2  14.61  41.3  49.32  36.1  18.94  24.8
RES VAL A 116    43.45  28.7  43.45  38.0   0.00   0.0  43.45  37.6   0.00   0.0
RES PRO A 117     1.61   1.2   0.03   0.0   1.59   9.8   0.03   0.0   1.59  10.4
RES VAL A 118    23.75  15.7  10.78   9.4  12.97  34.9  10.78   9.3  12.97  36.1
RES HIS A 119    17.05   9.3  17.05  11.6   0.00   0.0   4.24   4.4  12.82  14.9
RES PHE A 120    18.84   9.4  12.99   7.9   5.85  16.5  12.99   7.9   5.85  17.1
RES ASP A 121    30.78  21.9  11.57  11.3  19.22  51.0   0.00   0.0  30.78  33.8
RES ALA A 122    20.53  19.0  20.53  29.6   0.00   0.0  20.53  28.8   0.00   0.0
RES SER A 123    35.80  30.7  10.27  13.1  25.54  66.5   9.20  18.9  26.61  39.2
RES VAL A 124   100.03  66.1  69.87  61.1  30.16  81.2  75.27  65.2  24.77  68.8
RES MET B 127   177.35  91.3 149.48  95.4  27.87  74.3 149.48  94.7  27.87  76.7
RES ASN B 128    73.70  51.2  51.24  48.2  22.46  59.6  14.91  32.2  58.79  60.2
RES LEU B 129     8.30   4.6   7.99   5.7   0.31   0.8   8.00   5.6   0.30   0.8
RES ASP B 130    76.97  54.8  69.31  67.5   7.65  20.3  32.12  65.2  44.85  49.2
RES ILE B 131     3.94   2.2   2.89   2.1   1.05   2.8   2.89   2.1   1.05   2.9
RES HIS B 132    81.23  44.4  77.04  52.4   4.19  11.7  45.93  47.3  35.30  41.2
RES CYS B 133    43.81  32.6  16.79  17.4  27.02  72.0  18.73  19.1  25.08  69.0
RES GLU B 134    76.21  44.2  75.96  56.4   0.25   0.7  38.77  64.3  37.43  33.4
RES GLN B 135   161.24  90.3 132.30  93.8  28.94  77.2  39.74  76.1 121.50  96.2
RES LEU B 136    10.71   6.0   1.54   1.1   9.17  24.5   1.67   1.2   9.04  24.9
RES SER B 137    67.04  57.5  64.76  82.9   2.28   5.9  42.39  87.3  24.66  36.3
RES ASP B 138   118.44  84.4 110.50 107.6   7.94  21.1  49.56 100.6  68.89  75.6
RES ALA B 139    61.12  56.6  59.02  85.0   2.10   5.4  59.02  82.7   2.10   5.7
RES ARG B 140    84.91  35.6  84.54  42.0   0.37   1.0  27.36  35.2  57.55  35.8
RES TRP B 141    14.81   5.9  14.81   7.0   0.00   0.0  14.81   7.8   0.00   0.0
RES THR B 142    76.93  55.2  70.31  69.1   6.62  17.6  43.15  57.0  33.78  53.2
RES GLU B 143   113.56  65.9 109.54  81.3   4.02  10.7  50.47  83.7  63.09  56.3
RES LEU B 144    12.59   7.1  12.59   8.9   0.00   0.0  12.59   8.8   0.00   0.0
RES LEU B 145    46.46  26.0  44.50  31.5   1.96   5.2  45.58  32.0   0.88   2.4
RES PRO B 146    72.49  53.3  70.20  58.6   2.29  14.1  70.20  58.0   2.29  15.1
RES LEU B 147    54.64  30.6  54.64  38.7   0.00   0.0  54.64  38.4   0.00   0.0
RES LEU B 148     3.04   1.7   2.45   1.7   0.58   1.6   2.45   1.7   0.58   1.6
RES GLN B 149    91.64  51.3  85.92  60.9   5.72  15.2  11.17  21.4  80.47  63.7
RES GLN B 150    94.38  52.9  82.54  58.5  11.84  31.6  50.54  96.8  43.85  34.7
RES TYR B 151    17.41   8.2  17.41   9.8   0.00   0.0   6.32   4.6  11.09  14.5
RES GLU B 152    83.36  48.4  83.36  61.9   0.00   0.0  22.79  37.8  60.57  54.1
RES VAL B 153    13.73   9.1  13.73  12.0   0.00   0.0  13.73  11.9   0.00   0.0
RES VAL B 154     1.78   1.2   1.78   1.6   0.00   0.0   1.78   1.5   0.00   0.0
RES ARG B 155    94.28  39.5  94.28  46.8   0.00   0.0  28.24  36.3  66.04  41.0
RES LEU B 156     0.28   0.2   0.28   0.2   0.00   0.0   0.28   0.2   0.00   0.0
RES ASP B 157    14.50  10.3  14.50  14.1   0.00   0.0   7.20  14.6   7.31   8.0
RES ASP B 158    40.16  28.6  36.91  35.9   3.25   8.6   2.83   5.7  37.33  41.0
RES CYS B 159    13.77  10.3   0.08   0.1  13.70  36.5   3.05   3.1  10.72  29.5
RES GLY B 160    25.77  32.2  15.71  48.6  10.06  21.1  16.88  45.0   8.89  20.9
RES LEU B 161     1.99   1.1   0.00   0.0   1.99   5.3   0.00   0.0   1.99   5.5
RES THR B 162    40.18  28.9  40.18  39.5   0.00   0.0  39.25  51.8   0.94   1.5
RES GLU B 163    66.84  38.8  65.73  48.8   1.11   3.0  11.49  19.1  55.36  49.4
RES GLU B 164    97.90  56.8  93.03  69.0   4.87  13.0  58.90  97.7  39.00  34.8
RES HIS B 165    26.19  14.3  26.19  17.8   0.00   0.0  18.27  18.8   7.93   9.2
RES CYS B 166     0.00   0.0   0.00   0.0   0.00   0.0   0.00   0.0   0.00   0.0
RES LYS B 167    91.66  45.6  86.37  52.9   5.29  14.1  56.25  48.3  35.41  42.0
RES ASP B 168    52.81  37.6  51.28  49.9   1.52   4.0   5.29  10.7  47.52  52.1
RES ILE B 169     0.24   0.1   0.24   0.2   0.00   0.0   0.24   0.2   0.00   0.0
RES GLY B 170     6.76   8.4   2.97   9.2   3.78   7.9   6.32  16.8   0.43   1.0
RES SER B 171    54.22  46.5  50.14  64.2   4.08  10.6  27.40  56.4  26.82  39.5
RES ALA B 172     9.06   8.4   8.81  12.7   0.24   0.6   8.81  12.3   0.24   0.7
RES LEU B 173     3.81   2.1   1.67   1.2   2.14   5.7   1.67   1.2   2.14   5.9
RES ARG B 174   154.47  64.7 150.96  75.0   3.52   9.4  38.05  48.9 116.42  72.3
RES ALA B 175    39.86  36.9  28.09  40.5  11.77  30.5  28.09  39.4  11.77  32.2
RES ASN B 176     2.91   2.0   0.73   0.7   2.18   5.8   0.22   0.5   2.69   2.8
RES PRO B 177    75.43  55.4  73.36  61.2   2.06  12.7  74.14  61.3   1.29   8.5
RES SER B 178    58.50  50.2  45.20  57.9  13.31  34.7  43.09  88.8  15.41  22.7
RES LEU B 179     6.14   3.4   4.92   3.5   1.22   3.3   4.92   3.5   1.22   3.4
RES THR B 180    37.34  26.8  37.34  36.7   0.00   0.0  31.29  41.3   6.05   9.5
RES GLU B 181    49.88  29.0  49.88  37.0   0.00   0.0   4.15   6.9  45.73  40.8
RES LEU B 182     2.91   1.6   1.30   0.9   1.61   4.3   1.30   0.9   1.61   4.4
RES CYS B 183    24.94  18.6  24.94  25.8   0.00   0.0  24.94  25.5   0.00   0.0
RES LEU B 184     0.14   0.1   0.14   0.1   0.00   0.0   0.14   0.1   0.00   0.0
RES ARG B 185    73.81  30.9  73.81  36.7   0.00   0.0   9.48  12.2  64.32  40.0
RES THR B 186    16.36  11.7   9.40   9.2   6.97  18.5   4.90   6.5  11.46  18.0
RES ASN B 187     3.82   2.7   2.86   2.7   0.97   2.6   3.82   8.3   0.00   0.0
RES GLU B 188   121.70  70.7 109.53  81.3  12.17  32.4  58.38  96.8  63.32  56.6
RES LEU B 189     3.56   2.0   0.00   0.0   3.56   9.5   0.00   0.0   3.56   9.8
RES GLY B 190    16.45  20.5  16.45  50.9   0.00   0.0  16.45  43.8   0.00   0.0
RES ASP B 191    50.82  36.2  42.60  41.5   8.22  21.8  26.49  53.8  24.33  26.7
RES ALA B 192    52.56  48.7  48.58  70.0   3.98  10.3  48.58  68.1   3.98  10.9
RES GLY B 193     0.00   0.0   0.00   0.0   0.00   0.0   0.00   0.0   0.00   0.0
RES VAL B 194     0.00   0.0   0.00   0.0   0.00   0.0   0.00   0.0   0.00   0.0
RES HIS B 195    76.01  41.6  75.85  51.6   0.16   0.4  41.66  42.9  34.35  40.1
RES LEU B 196    57.49  32.2  56.14  39.8   1.35   3.6  56.14  39.4   1.35   3.7
RES VAL B 197     1.47   1.0   1.47   1.3   0.00   0.0   1.47   1.3   0.00   0.0
RES LEU B 198     2.33   1.3   2.33   1.7   0.00   0.0   2.33   1.6   0.00   0.0
RES GLN B 199    79.28  44.4  71.01  50.4   8.27  22.1  18.62  35.7  60.66  48.0
RES GLY B 200     3.04   3.8   2.77   8.6   0.27   0.6   2.77   7.4   0.27   0.6
RES LEU B 201     0.49   0.3   0.49   0.3   0.00   0.0   0.49   0.3   0.00   0.0
RES GLN B 202    65.65  36.8  43.06  30.5  22.59  60.2  17.90  34.3  47.75  37.8
RES SER B 203    20.10  17.3  15.61  20.0   4.49  11.7   7.22  14.9  12.89  19.0
RES PRO B 204   141.63 104.0 119.47  99.6  22.16 136.5 120.85  99.9  20.77 136.8
RES THR B 205    54.27  39.0  54.21  53.3   0.06   0.2  54.21  71.6   0.06   0.1
RES CYS B 206    11.71   8.7   4.73   4.9   6.98  18.6   4.79   4.9   6.93  19.1
RES LYS B 207   114.86  57.2 112.83  69.1   2.03   5.4  92.11  79.0  22.75  27.0
RES ILE B 208     0.00   0.0   0.00   0.0   0.00   0.0   0.00   0.0   0.00   0.0
RES GLN B 209    59.72  33.5  59.72  42.4   0.00   0.0   2.75   5.3  56.97  45.1
RES LYS B 210    65.95  32.8  65.93  40.4   0.02   0.1  29.50  25.3  36.45  43.3
RES LEU B 211     6.49   3.6   5.56   3.9   0.93   2.5   6.36   4.5   0.13   0.4
RES SER B 212    13.23  11.4  13.11  16.8   0.12   0.3  13.02  26.8   0.21   0.3
RES LEU B 213     1.52   0.8   1.52   1.1   0.00   0.0   1.52   1.1   0.00   0.0
RES GLN B 214    34.86  19.5  34.86  24.7   0.00   0.0   0.16   0.3  34.70  27.5
RES ASN B 215    30.76  21.4  29.61  27.9   1.15   3.1   2.47   5.4  28.29  28.9
RES CYS B 216     0.00   0.0   0.00   0.0   0.00   0.0   0.00   0.0   0.00   0.0
RES SER B 217    48.94  42.0  39.02  50.0   9.92  25.8  26.96  55.5  21.98  32.4
RES LEU B 218     0.06   0.0   0.00   0.0   0.06   0.2   0.06   0.0   0.00   0.0
RES THR B 219    31.99  23.0  31.99  31.5   0.00   0.0  22.39  29.6   9.61  15.1
RES GLU B 220    76.74  44.6  72.17  53.6   4.57  12.2  27.58  45.7  49.16  43.9
RES ALA B 221    69.23  64.1  52.42  75.5  16.81  43.6  53.59  75.1  15.64  42.7
RES GLY B 222     7.86   9.8   7.02  21.7   0.84   1.8   7.09  18.9   0.77   1.8
RES CYS B 223     0.00   0.0   0.00   0.0   0.00   0.0   0.00   0.0   0.00   0.0
RES GLY B 224    45.13  56.3  23.80  73.6  21.33  44.7  27.28  72.7  17.85  42.0
RES VAL B 225    19.80  13.1  19.76  17.3   0.04   0.1  19.76  17.1   0.04   0.1
RES LEU B 226     6.23   3.5   6.23   4.4   0.00   0.0   6.23   4.4   0.00   0.0
RES PRO B 227    22.84  16.8  22.34  18.6   0.49   3.0  22.79  18.8   0.05   0.3
RES SER B 228    62.17  53.4  59.43  76.1   2.74   7.1  23.25  47.9  38.92  57.3
RES THR B 229     4.16   3.0   4.16   4.1   0.00   0.0   4.16   5.5   0.00   0.0
RES LEU B 230     5.48   3.1   5.48   3.9   0.00   0.0   5.48   3.9   0.00   0.0
RES ARG B 231   141.15  59.1 140.86  70.0   0.29   0.8  33.90  43.6 107.25  66.6
RES SER B 232    55.55  47.7  39.52  50.6  16.03  41.8  19.74  40.7  35.82  52.7
RES LEU B 233     1.36   0.8   1.27   0.9   0.09   0.2   1.27   0.9   0.09   0.3
RES PRO B 234    60.82  44.7  50.59  42.2  10.23  63.0  51.40  42.5   9.42  62.0
RES THR B 235    45.94  33.0  44.23  43.5   1.71   4.5  25.04  33.1  20.89  32.9
RES LEU B 236     3.31   1.9   3.31   2.3   0.00   0.0   3.31   2.3   0.00   0.0
RES ARG B 237   100.63  42.1 100.50  49.9   0.13   0.3  22.84  29.4  77.80  48.3
RES GLU B 238    21.11  12.3  21.11  15.7   0.00   0.0   3.45   5.7  17.66  15.8
RES LEU B 239     7.24   4.1   7.24   5.1   0.00   0.0   7.24   5.1   0.00   0.0
RES HIS B 240    33.99  18.6  33.99  23.1   0.00   0.0  19.99  20.6  14.00  16.3
RES LEU B 241     0.35   0.2   0.35   0.2   0.00   0.0   0.35   0.2   0.00   0.0
RES SER B 242     6.13   5.3   6.13   7.8   0.00   0.0   1.52   3.1   4.61   6.8
RES ASP B 243    32.59  23.2  23.23  22.6   9.37  24.8   4.91  10.0  27.68  30.4
RES ASN B 244     0.00   0.0   0.00   0.0   0.00   0.0   0.00   0.0   0.00   0.0
RES PRO B 245    61.42  45.1  59.74  49.8   1.68  10.4  59.74  49.4   1.68  11.1
RES LEU B 246     0.00   0.0   0.00   0.0   0.00   0.0   0.00   0.0   0.00   0.0
RES GLY B 247    16.23  20.3  16.23  50.2   0.00   0.0  16.23  43.2   0.00   0.0
RES ASP B 248    43.47  31.0  36.98  36.0   6.49  17.2  19.73  40.1  23.74  26.0
RES ALA B 249    54.60  50.6  50.51  72.8   4.09  10.6  50.51  70.8   4.09  11.2
RES GLY B 250     0.00   0.0   0.00   0.0   0.00   0.0   0.00   0.0   0.00   0.0
RES LEU B 251     0.00   0.0   0.00   0.0   0.00   0.0   0.00   0.0   0.00   0.0
RES ARG B 252    85.46  35.8  85.44  42.5   0.02   0.1  62.31  80.1  23.15  14.4
RES LEU B 253    49.68  27.8  49.68  35.2   0.00   0.0  49.68  34.9   0.00   0.0
RES LEU B 254     0.00   0.0   0.00   0.0   0.00   0.0   0.00   0.0   0.00   0.0
RES CYS B 255     0.16   0.1   0.16   0.2   0.00   0.0   0.16   0.2   0.00   0.0
RES GLU B 256    79.06  45.9  68.48  50.8  10.58  28.2  25.94  43.0  53.12  47.4
RES GLY B 257     0.43   0.5   0.43   1.3   0.00   0.0   0.43   1.1   0.00   0.0
RES LEU B 258    22.90  12.8  13.76   9.7   9.14  24.4  13.76   9.7   9.14  25.2
RES LEU B 259    76.46  42.8  60.38  42.8  16.08  42.9  60.80  42.7  15.66  43.1
RES ASP B 260    22.63  16.1  21.22  20.7   1.42   3.8   7.41  15.1  15.22  16.7
RES PRO B 261   119.27  87.6 105.15  87.7  14.12  87.0 106.59  88.1  12.67  83.4
RES GLN B 262    86.39  48.4  86.39  61.3   0.00   0.0  21.78  41.7  64.60  51.2
RES CYS B 263    14.89  11.1   1.36   1.4  13.53  36.1   1.36   1.4  13.53  37.2
RES HIS B 264    85.71  46.9  83.69  56.9   2.02   5.6  51.24  52.7  34.47  40.2
RES LEU B 265    10.38   5.8   4.00   2.8   6.37  17.0   4.00   2.8   6.37  17.5
RES GLU B 266    44.00  25.5  44.00  32.7   0.00   0.0   5.59   9.3  38.41  34.3
RES LYS B 267    63.98  31.9  63.98  39.2   0.00   0.0  21.01  18.0  42.97  51.0
RES LEU B 268     5.08   2.8   5.08   3.6   0.00   0.0   5.08   3.6   0.00   0.0
RES GLN B 269    33.15  18.6  33.15  23.5   0.00   0.0   2.04   3.9  31.11  24.6
RES LEU B 270     0.00   0.0   0.00   0.0   0.00   0.0   0.00   0.0   0.00   0.0
RES GLU B 271    51.86  30.1  51.86  38.5   0.00   0.0   6.77  11.2  45.09  40.3
RES TYR B 272    99.77  46.9  93.93  53.0   5.84  16.5  64.73  47.4  35.03  45.9
RES CYS B 273     0.00   0.0   0.00   0.0   0.00   0.0   0.00   0.0   0.00   0.0
RES ARG B 274   188.41  78.9 177.30  88.1  11.11  29.6  55.62  71.5 132.78  82.5
RES LEU B 275     5.62   3.1   4.02   2.8   1.60   4.3   4.87   3.4   0.75   2.1
RES THR B 276    70.72  50.8  70.72  69.5   0.00   0.0  48.07  63.5  22.64  35.6
RES ALA B 277    34.07  31.6  28.21  40.6   5.86  15.2  29.25  41.0   4.82  13.2
RES ALA B 278    63.24  58.6  53.98  77.8   9.26  24.0  54.48  76.3   8.76  23.9
RES SER B 279     2.55   2.2   2.55   3.3   0.00   0.0   2.55   5.3   0.00   0.0
RES CYS B 280     2.18   1.6   2.18   2.3   0.00   0.0   2.18   2.2   0.00   0.0
RES GLU B 281    86.16  50.0  85.02  63.1   1.14   3.0  58.68  97.3  27.48  24.5
RES PRO B 282    23.03  16.9  23.03  19.2   0.00   0.0  23.03  19.0   0.00   0.0
RES LEU B 283     9.82   5.5   9.82   7.0   0.00   0.0   9.82   6.9   0.00   0.0
RES ALA B 284     0.00   0.0   0.00   0.0   0.00   0.0   0.00   0.0   0.00   0.0
RES SER B 285    42.09  36.1  38.14  48.8   3.95  10.3  33.24  68.5   8.85  13.0
RES VAL B 286     9.13   6.0   8.79   7.7   0.34   0.9   8.79   7.6   0.34   0.9
RES LEU B 287     3.48   1.9   3.48   2.5   0.00   0.0   3.48   2.4   0.00   0.0
RES ARG B 288   103.16  43.2  83.54  41.5  19.62  52.3  35.97  46.2  67.19  41.7
RES ALA B 289    70.00  64.8  39.24  56.5  30.76  79.8  39.94  56.0  30.07  82.2
RES THR B 290    29.78  21.4  29.78  29.3   0.00   0.0  20.69  27.3   9.10  14.3
RES ARG B 291   190.77  79.9 178.99  88.9  11.78  31.4  66.01  84.8 124.76  77.5
RES ALA B 292    32.11  29.7  24.76  35.7   7.35  19.1  24.76  34.7   7.35  20.1
RES LEU B 293    13.28   7.4  13.27   9.4   0.01   0.0  13.27   9.3   0.01   0.0
RES LYS B 294    79.43  39.6  79.43  48.6   0.00   0.0  39.94  34.3  39.49  46.9
RES GLU B 295     8.52   4.9   8.52   6.3   0.00   0.0   0.72   1.2   7.80   7.0
RES LEU B 296     5.77   3.2   5.77   4.1   0.00   0.0   5.77   4.1   0.00   0.0
RES THR B 297     8.02   5.8   8.02   7.9   0.00   0.0   8.02  10.6   0.00   0.0
RES VAL B 298     6.09   4.0   5.85   5.1   0.25   0.7   5.85   5.1   0.25   0.7
RES SER B 299     4.90   4.2   4.90   6.3   0.00   0.0   2.55   5.3   2.34   3.5
RES ASN B 300    20.34  14.1   8.71   8.2  11.63  30.9   6.51  14.1  13.83  14.2
RES ASN B 301     4.16   2.9   3.25   3.1   0.91   2.4   3.44   7.4   0.72   0.7
RES ASP B 302   108.72  77.4  98.80  96.2   9.92  26.3  46.29  94.0  62.43  68.5
RES ILE B 303    13.99   8.0   8.10   5.9   5.88  15.8   8.95   6.4   5.04  14.0
RES GLY B 304    19.62  24.5  19.62  60.7   0.00   0.0  19.62  52.2   0.00   0.0
RES GLU B 305    71.03  41.2  64.60  47.9   6.42  17.1  19.29  32.0  51.74  46.2
RES ALA B 306    78.44  72.7  69.68 100.4   8.76  22.7  70.66  99.0   7.78  21.3
RES GLY B 307     3.77   4.7   3.77  11.7   0.00   0.0   3.77  10.0   0.00   0.0
RES ALA B 308    11.50  10.7   6.66   9.6   4.84  12.6   6.71   9.4   4.78  13.1
RES ARG B 309    88.47  37.1  88.40  43.9   0.07   0.2  34.10  43.8  54.37  33.8
RES VAL B 310    36.92  24.4  36.83  32.2   0.09   0.2  36.83  31.9   0.09   0.3
RES LEU B 311     7.36   4.1   7.36   5.2   0.00   0.0   7.36   5.2   0.00   0.0
RES GLY B 312     6.30   7.9   2.21   6.8   4.09   8.6   4.10  10.9   2.20   5.2
RES GLN B 313    94.27  52.8  93.16  66.1   1.11   3.0  34.44  66.0  59.82  47.4
RES GLY B 314     0.00   0.0   0.00   0.0   0.00   0.0   0.00   0.0   0.00   0.0
RES LEU B 315    16.16   9.0   6.67   4.7   9.49  25.3   6.67   4.7   9.49  26.1
RES ALA B 316    69.62  64.5  43.21  62.3  26.41  68.5  44.00  61.6  25.62  70.0
RES ASP B 317    89.03  63.4  67.49  65.7  21.54  57.1  28.56  58.0  60.47  66.3
RES SER B 318    20.87  17.9   0.58   0.7  20.29  52.8   2.88   5.9  17.98  26.5
RES ALA B 319    67.90  62.9  47.39  68.3  20.51  53.2  47.71  66.8  20.18  55.2
RES CYS B 320    13.83  10.3   1.14   1.2  12.69  33.8   1.14   1.2  12.69  34.9
RES GLN B 321   127.90  71.7 120.77  85.7   7.14  19.0  35.08  67.2  92.83  73.5
RES LEU B 322    10.16   5.7  10.16   7.2   0.00   0.0  10.16   7.1   0.00   0.0
RES GLU B 323    62.16  36.1  62.16  46.1   0.00   0.0  21.55  35.7  40.61  36.3
RES THR B 324    18.04  13.0  18.04  17.7   0.00   0.0   0.00   0.0  18.04  28.4
RES LEU B 325     5.50   3.1   5.50   3.9   0.00   0.0   5.50   3.9   0.00   0.0
RES ARG B 326    62.83  26.3  62.83  31.2   0.00   0.0   7.88  10.1  54.95  34.1
RES LEU B 327     7.67   4.3   7.67   5.4   0.00   0.0   7.67   5.4   0.00   0.0
RES GLU B 328    23.40  13.6  23.40  17.4   0.00   0.0   1.65   2.7  21.75  19.4
RES ASN B 329    84.18  58.5  78.97  74.3   5.21  13.8   3.73   8.1  80.45  82.3
RES CYS B 330     1.32   1.0   0.61   0.6   0.71   1.9   1.32   1.3   0.00   0.0
RES GLY B 331    34.58  43.2  28.03  86.7   6.54  13.7  28.99  77.2   5.59  13.1
RES LEU B 332     6.00   3.4   1.41   1.0   4.59  12.2   1.41   1.0   4.59  12.6
RES THR B 333    45.19  32.4  45.19  44.4   0.00   0.0  45.19  59.7   0.00   0.0
RES PRO B 334    47.16  34.6  45.28  37.8   1.88  11.6  46.52  38.5   0.64   4.2
RES ALA B 335    37.87  35.1  35.35  50.9   2.53   6.6  35.35  49.5   2.53   6.9
RES ASN B 336     2.66   1.8   2.64   2.5   0.02   0.0   2.59   5.6   0.07   0.1
RES CYS B 337     0.54   0.4   0.41   0.4   0.13   0.4   0.41   0.4   0.13   0.4
RES LYS B 338   125.01  62.3 122.38  74.9   2.63   7.0  77.37  66.4  47.63  56.5
RES ASP B 339    29.24  20.8  19.64  19.1   9.60  25.5  14.22  28.9  15.02  16.5
RES LEU B 340    12.63   7.1  12.63   8.9   0.00   0.0  12.63   8.9   0.00   0.0
RES CYS B 341    24.87  18.5  24.87  25.7   0.00   0.0  24.87  25.4   0.00   0.0
RES GLY B 342    42.39  52.9  35.25 109.0   7.14  15.0  38.26 101.9   4.13   9.7
RES ILE B 343    20.80  11.9  20.80  15.1   0.00   0.0  20.80  15.0   0.00   0.0
RES VAL B 344     1.41   0.9   1.41   1.2   0.00   0.0   1.41   1.2   0.00   0.0
RES ALA B 345    23.95  22.2  22.31  32.1   1.64   4.2  22.87  32.0   1.08   2.9
RES SER B 346    79.22  68.0  62.76  80.3  16.46  42.9  50.53 104.1  28.69  42.2
RES GLN B 347    17.94  10.0  17.94  12.7   0.00   0.0  16.04  30.7   1.90   1.5
RES ALA B 348    42.21  39.1  39.31  56.6   2.90   7.5  39.45  55.3   2.76   7.5
RES SER B 349    16.25  14.0  15.89  20.3   0.36   0.9  15.88  32.7   0.38   0.6
RES LEU B 350     0.38   0.2   0.34   0.2   0.03   0.1   0.34   0.2   0.03   0.1
RES ARG B 351   101.52  42.5 101.24  50.3   0.28   0.7  39.46  50.7  62.06  38.6
RES GLU B 352    34.62  20.1  34.62  25.7   0.00   0.0   8.28  13.7  26.34  23.5
RES LEU B 353     3.61   2.0   3.61   2.6   0.00   0.0   3.61   2.5   0.00   0.0
RES ASP B 354     9.39   6.7   9.39   9.1   0.00   0.0   1.77   3.6   7.62   8.4
RES LEU B 355     0.11   0.1   0.11   0.1   0.00   0.0   0.11   0.1   0.00   0.0
RES GLY B 356     0.00   0.0   0.00   0.0   0.00   0.0   0.00   0.0   0.00   0.0
RES SER B 357    29.55  25.4  17.85  22.9  11.70  30.5  11.39  23.5  18.16  26.7
RES ASN B 358     1.34   0.9   1.33   1.3   0.01   0.0   1.34   2.9   0.00   0.0
RES GLY B 359    41.87  52.3  15.37  47.5  26.51  55.5  15.71  41.8  26.16  61.5
RES LEU B 360     1.35   0.8   0.60   0.4   0.74   2.0   0.88   0.6   0.47   1.3
RES GLY B 361    13.10  16.4  13.10  40.5   0.00   0.0  13.10  34.9   0.00   0.0
RES ASP B 362    36.84  26.2  31.50  30.7   5.34  14.2  19.96  40.5  16.88  18.5
RES ALA B 363    60.59  56.1  56.83  81.9   3.76   9.8  56.83  79.6   3.76  10.3
RES GLY B 364     0.00   0.0   0.00   0.0   0.00   0.0   0.00   0.0   0.00   0.0
RES ILE B 365     0.22   0.1   0.22   0.2   0.00   0.0   0.22   0.2   0.00   0.0
RES ALA B 366    43.22  40.0  34.71  50.0   8.50  22.1  35.83  50.2   7.39  20.2
RES GLU B 367    78.46  45.5  74.77  55.5   3.68   9.8  18.49  30.7  59.97  53.6
RES LEU B 368     0.26   0.1   0.26   0.2   0.00   0.0   0.26   0.2   0.00   0.0
RES CYS B 369     3.14   2.3   3.14   3.2   0.00   0.0   3.14   3.2   0.00   0.0
RES PRO B 370    82.67  60.7  69.81  58.2  12.86  79.2  70.93  58.6  11.74  77.3
RES GLY B 371     0.52   0.7   0.52   1.6   0.00   0.0   0.52   1.4   0.00   0.0
RES LEU B 372     9.41   5.3   8.42   6.0   0.99   2.6   8.42   5.9   0.99   2.7
RES LEU B 373    57.88  32.4  43.76  31.0  14.12  37.6  44.48  31.3  13.40  36.9
RES SER B 374    17.88  15.3  17.77  22.8   0.11   0.3   9.54  19.6   8.34  12.3
RES PRO B 375   130.73  96.0 108.27  90.3  22.46 138.4 109.22  90.3  21.51 141.6
RES ALA B 376    37.30  34.5  37.19  53.6   0.10   0.3  37.19  52.1   0.10   0.3
RES SER B 377     3.15   2.7   1.02   1.3   2.14   5.6   0.01   0.0   3.15   4.6
RES ARG B 378   114.35  47.9 111.99  55.6   2.35   6.3  27.69  35.6  86.66  53.8
RES LEU B 379     6.88   3.9   5.78   4.1   1.11   2.9   5.78   4.1   1.11   3.0
RES LYS B 380    65.23  32.5  65.23  39.9   0.00   0.0  53.27  45.7  11.97  14.2
RES THR B 381    13.54   9.7  13.54  13.3   0.00   0.0   4.42   5.8   9.12  14.3
RES LEU B 382     2.43   1.4   2.43   1.7   0.00   0.0   2.43   1.7   0.00   0.0
RES TRP B 383     7.48   3.0   7.48   3.5   0.00   0.0   4.19   2.2   3.28   5.5
RES LEU B 384     0.08   0.0   0.08   0.1   0.00   0.0   0.08   0.1   0.00   0.0
RES TRP B 385     8.07   3.2   8.07   3.8   0.00   0.0   8.07   4.3   0.00   0.0
RES GLU B 386    95.21  55.3  88.84  65.9   6.37  17.0  23.32  38.7  71.89  64.2
RES CYS B 387     0.00   0.0   0.00   0.0   0.00   0.0   0.00   0.0   0.00   0.0
RES ASP B 388    99.21  70.7  88.60  86.3  10.62  28.2  30.24  61.4  68.97  75.7
RES ILE B 389     1.98   1.1   0.09   0.1   1.89   5.1   0.29   0.2   1.69   4.7
RES THR B 390    65.57  47.1  65.57  64.5   0.00   0.0  43.49  57.4  22.08  34.7
RES ALA B 391    23.92  22.2  23.92  34.5   0.00   0.0  23.92  33.5   0.00   0.0
RES SER B 392    45.59  39.1  43.03  55.1   2.56   6.7  14.40  29.7  31.20  45.9
RES GLY B 393     0.00   0.0   0.00   0.0   0.00   0.0   0.00   0.0   0.00   0.0
RES CYS B 394     0.08   0.1   0.08   0.1   0.00   0.0   0.08   0.1   0.00   0.0
RES ARG B 395   153.75  64.4 143.20  71.2  10.56  28.1  56.30  72.4  97.45  60.5
RES ASP B 396    42.26  30.1  42.26  41.1   0.00   0.0   3.81   7.7  38.44  42.2
RES LEU B 397     6.78   3.8   6.68   4.7   0.10   0.3   6.68   4.7   0.10   0.3
RES CYS B 398    14.63  10.9  14.63  15.1   0.00   0.0  14.63  14.9   0.00   0.0
RES ARG B 399   136.59  57.2 132.35  65.8   4.24  11.3  39.44  50.7  97.15  60.4
RES VAL B 400     5.61   3.7   5.61   4.9   0.00   0.0   5.61   4.9   0.00   0.0
RES LEU B 401     3.91   2.2   3.91   2.8   0.00   0.0   3.91   2.7   0.00   0.0
RES GLN B 402    83.68  46.9  68.59  48.7  15.09  40.2  12.21  23.4  71.47  56.6
RES ALA B 403    57.11  52.9  35.83  51.6  21.27  55.2  35.83  50.2  21.27  58.2
RES LYS B 404    30.47  15.2  29.63  18.1   0.84   2.2  26.39  22.6   4.08   4.8
RES GLU B 405   106.45  61.8  99.12  73.6   7.33  19.5  38.68  64.2  67.78  60.5
RES THR B 406    30.25  21.7  28.30  27.8   1.95   5.2  22.01  29.1   8.25  13.0
RES LEU B 407    11.34   6.3  10.61   7.5   0.72   1.9  10.61   7.5   0.72   2.0
RES LYS B 408    65.24  32.5  65.24  40.0   0.00   0.0  45.59  39.1  19.66  23.3
RES GLU B 409    18.93  11.0  18.93  14.0   0.00   0.0   3.43   5.7  15.50  13.8
RES LEU B 410     3.54   2.0   3.16   2.2   0.38   1.0   3.16   2.2   0.38   1.0
RES SER B 411     0.22   0.2   0.22   0.3   0.00   0.0   0.00   0.0   0.22   0.3
RES LEU B 412     0.21   0.1   0.21   0.1   0.00   0.0   0.21   0.1   0.00   0.0
RES ALA B 413    11.79  10.9  11.39  16.4   0.40   1.0  11.79  16.5   0.00   0.0
RES GLY B 414    27.93  34.9  10.66  33.0  17.27  36.2  10.78  28.7  17.15  40.3
RES ASN B 415     2.23   1.5   2.23   2.1   0.00   0.0   2.23   4.8   0.00   0.0
RES LYS B 416   146.66  73.0 139.82  85.6   6.85  18.3  91.55  78.5  55.11  65.4
RES LEU B 417     4.75   2.7   0.73   0.5   4.02  10.7   0.93   0.7   3.81  10.5
RES GLY B 418    18.27  22.8  18.27  56.5   0.00   0.0  18.27  48.7   0.00   0.0
RES ASP B 419    37.07  26.4  30.14  29.3   6.93  18.4  22.49  45.7  14.58  16.0
RES GLU B 420    88.69  51.5  85.91  63.8   2.78   7.4  43.59  72.3  45.10  40.3
RES GLY B 421     0.00   0.0   0.00   0.0   0.00   0.0   0.00   0.0   0.00   0.0
RES ALA B 422     7.67   7.1   7.34  10.6   0.33   0.9   7.34  10.3   0.33   0.9
RES ARG B 423   103.00  43.1 102.74  51.1   0.25   0.7  11.19  14.4  91.81  57.0
RES LEU B 424    28.81  16.1  27.37  19.4   1.44   3.8  27.37  19.2   1.44   4.0
RES LEU B 425     7.72   4.3   7.72   5.5   0.00   0.0   7.72   5.4   0.00   0.0
RES CYS B 426    12.39   9.2  12.39  12.8   0.00   0.0  12.39  12.7   0.00   0.0
RES GLU B 427    93.37  54.2  89.37  66.3   4.00  10.7  41.10  68.2  52.27  46.7
RES SER B 428     0.03   0.0   0.03   0.0   0.00   0.0   0.03   0.1   0.00   0.0
RES LEU B 429     7.23   4.0   5.98   4.2   1.25   3.3   5.98   4.2   1.25   3.4
RES LEU B 430    68.59  38.4  57.08  40.4  11.51  30.7  57.62  40.5  10.97  30.2
RES GLN B 431    90.16  50.5  90.16  64.0   0.00   0.0  12.01  23.0  78.15  61.9
RES PRO B 432   105.97  77.8  97.21  81.1   8.76  54.0  98.39  81.3   7.59  50.0
RES GLY B 433    30.49  38.1  28.78  89.0   1.71   3.6  28.84  76.8   1.65   3.9
RES CYS B 434     1.53   1.1   1.05   1.1   0.48   1.3   1.05   1.1   0.48   1.3
RES GLN B 435    63.52  35.6  59.68  42.3   3.84  10.2   8.05  15.4  55.47  43.9
RES LEU B 436     1.07   0.6   0.23   0.2   0.85   2.3   0.23   0.2   0.85   2.3
RES GLU B 437    52.17  30.3  52.17  38.7   0.00   0.0   4.62   7.7  47.55  42.5
RES SER B 438    13.07  11.2  13.07  16.7   0.00   0.0   1.36   2.8  11.70  17.2
RES LEU B 439     9.64   5.4   9.64   6.8   0.00   0.0   9.64   6.8   0.00   0.0
RES TRP B 440    20.05   8.0  20.05   9.5   0.00   0.0  19.35  10.2   0.70   1.2
RES VAL B 441     7.65   5.1   7.65   6.7   0.00   0.0   7.65   6.6   0.00   0.0
RES LYS B 442    49.00  24.4  49.00  30.0   0.00   0.0  38.97  33.4  10.04  11.9
RES SER B 443    51.54  44.2  49.07  62.8   2.47   6.4  17.56  36.2  33.98  50.0
RES CYS B 444     0.00   0.0   0.00   0.0   0.00   0.0   0.00   0.0   0.00   0.0
RES SER B 445    56.86  48.8  45.64  58.4  11.21  29.2  33.37  68.7  23.49  34.6
RES LEU B 446     8.15   4.6   3.34   2.4   4.81  12.8   3.34   2.3   4.81  13.2
RES THR B 447    66.16  47.5  66.16  65.1   0.00   0.0  44.26  58.5  21.90  34.5
RES ALA B 448    32.14  29.8  29.51  42.5   2.64   6.8  30.26  42.4   1.88   5.1
RES ALA B 449    69.89  64.7  55.50  80.0  14.39  37.3  55.54  77.8  14.35  39.2
RES CYS B 450     2.68   2.0   2.68   2.8   0.00   0.0   2.68   2.7   0.00   0.0
RES CYS B 451     0.41   0.3   0.41   0.4   0.00   0.0   0.41   0.4   0.00   0.0
RES GLN B 452   129.37  72.5 126.76  89.9   2.61   7.0  34.35  65.8  95.03  75.3
RES HIS B 453    77.80  42.5  76.78  52.2   1.02   2.8  52.28  53.8  25.52  29.8
RES VAL B 454    14.32   9.5  14.25  12.5   0.07   0.2  14.25  12.3   0.07   0.2
RES SER B 455     8.62   7.4   8.43  10.8   0.20   0.5   8.62  17.8   0.00   0.0
RES LEU B 456   104.05  58.2 103.89  73.6   0.16   0.4 103.89  73.0   0.16   0.4
RES MET B 457     5.87   3.0   5.59   3.6   0.28   0.8   5.59   3.5   0.28   0.8
RES LEU B 458     7.25   4.1   4.28   3.0   2.97   7.9   4.28   3.0   2.97   8.2
RES THR B 459    43.76  31.4  32.86  32.3  10.90  29.0  25.10  33.1  18.66  29.4
RES GLN B 460   101.20  56.7  99.77  70.8   1.43   3.8  18.78  36.0  82.42  65.3
RES ASN B 461     9.12   6.3   6.68   6.3   2.44   6.5   3.31   7.2   5.81   5.9
RES LYS B 462   122.79  61.1 104.64  64.1  18.14  48.4  90.01  77.2  32.78  38.9
RES HIS B 463    58.68  32.1  53.85  36.6   4.83  13.5  36.21  37.3  22.47  26.2
RES LEU B 464     3.70   2.1   2.14   1.5   1.56   4.2   2.14   1.5   1.56   4.3
RES LEU B 465    56.95  31.9  56.95  40.4   0.00   0.0  56.95  40.0   0.00   0.0
RES GLU B 466    40.04  23.2  40.04  29.7   0.00   0.0   8.06  13.4  31.98  28.6
RES LEU B 467     9.73   5.4   9.73   6.9   0.00   0.0   9.73   6.8   0.00   0.0
RES GLN B 468    24.86  13.9  24.86  17.6   0.00   0.0   1.10   2.1  23.75  18.8
RES LEU B 469     3.29   1.8   3.29   2.3   0.00   0.0   3.29   2.3   0.00   0.0
RES SER B 470     8.35   7.2   8.35  10.7   0.00   0.0   7.96  16.4   0.39   0.6
RES SER B 471    28.97  24.9  22.56  28.9   6.42  16.7  11.82  24.3  17.15  25.2
RES ASN B 472     1.71   1.2   1.71   1.6   0.00   0.0   1.58   3.4   0.13   0.1
RES LYS B 473   125.39  62.4 122.33  74.9   3.05   8.1  85.49  73.3  39.89  47.4
RES LEU B 474     3.75   2.1   0.81   0.6   2.94   7.9   1.14   0.8   2.61   7.2
RES GLY B 475    18.57  23.2  18.57  57.5   0.00   0.0  18.57  49.5   0.00   0.0
RES ASP B 476    54.68  38.9  47.06  45.8   7.62  20.2  25.21  51.2  29.47  32.3
RES SER B 477    66.39  57.0  62.26  79.7   4.13  10.7  51.97 107.1  14.41  21.2
RES GLY B 478     0.11   0.1   0.11   0.4   0.00   0.0   0.11   0.3   0.00   0.0
RES ILE B 479     0.60   0.3   0.60   0.4   0.00   0.0   0.60   0.4   0.00   0.0
RES GLN B 480    75.27  42.2  75.27  53.4   0.00   0.0  12.54  24.0  62.73  49.7
RES GLU B 481    48.91  28.4  47.73  35.4   1.19   3.2  21.19  35.1  27.72  24.8
RES LEU B 482     0.57   0.3   0.57   0.4   0.00   0.0   0.57   0.4   0.00   0.0
RES CYS B 483     6.32   4.7   5.84   6.0   0.47   1.3   6.32   6.5   0.00   0.0
RES GLN B 484   104.81  58.7 101.33  71.9   3.48   9.3  44.61  85.4  60.20  47.7
RES ALA B 485     9.72   9.0   9.52  13.7   0.20   0.5   9.52  13.3   0.20   0.5
RES LEU B 486     0.20   0.1   0.20   0.1   0.00   0.0   0.20   0.1   0.00   0.0
RES SER B 487    32.61  28.0  24.03  30.8   8.58  22.4  10.43  21.5  22.19  32.7
RES GLN B 488    91.62  51.3  91.62  65.0   0.00   0.0  23.01  44.1  68.61  54.3
RES PRO B 489    99.49  73.1  92.64  77.3   6.85  42.2  93.60  77.4   5.90  38.8
RES GLY B 490    54.51  68.1  33.07 102.3  21.44  44.9  33.42  89.0  21.09  49.6
RES THR B 491     5.34   3.8   1.55   1.5   3.79  10.1   1.55   2.1   3.79   6.0
RES THR B 492    35.28  25.3  32.89  32.3   2.39   6.4  31.48  41.6   3.79   6.0
RES LEU B 493     3.09   1.7   2.29   1.6   0.79   2.1   2.29   1.6   0.79   2.2
RES ARG B 494   100.46  42.1 100.46  49.9   0.00   0.0  20.85  26.8  79.61  49.5
RES VAL B 495    25.25  16.7  25.25  22.1   0.00   0.0  25.25  21.9   0.00   0.0
RES LEU B 496     0.97   0.5   0.97   0.7   0.00   0.0   0.97   0.7   0.00   0.0
RES CYS B 497    16.67  12.4  16.67  17.2   0.00   0.0  16.67  17.0   0.00   0.0
RES LEU B 498     0.00   0.0   0.00   0.0   0.00   0.0   0.00   0.0   0.00   0.0
RES GLY B 499     5.39   6.7   5.05  15.6   0.35   0.7   5.39  14.4   0.00   0.0
RES ASP B 500    48.44  34.5  48.12  46.9   0.32   0.8   9.30  18.9  39.14  42.9
RES CYS B 501     0.00   0.0   0.00   0.0   0.00   0.0   0.00   0.0   0.00   0.0
RES GLU B 502    72.07  41.8  63.32  47.0   8.76  23.3  50.31  83.5  21.76  19.4
RES VAL B 503     1.73   1.1   1.73   1.5   0.00   0.0   1.73   1.5   0.00   0.0
RES THR B 504    31.11  22.3  31.11  30.6   0.00   0.0  15.55  20.5  15.56  24.5
RES ASN B 505    33.46  23.2  33.33  31.4   0.14   0.4  12.95  28.0  20.52  21.0
RES SER B 506    81.15  69.7  71.96  92.1   9.19  23.9  36.34  74.9  44.81  65.9
RES GLY B 507     2.33   2.9   2.33   7.2   0.00   0.0   2.33   6.2   0.00   0.0
RES CYS B 508     1.17   0.9   1.17   1.2   0.00   0.0   1.17   1.2   0.00   0.0
RES SER B 509    50.68  43.5  49.06  62.8   1.62   4.2  16.46  33.9  34.22  50.4
RES SER B 510    31.83  27.3  31.31  40.1   0.52   1.4  10.85  22.4  20.98  30.9
RES LEU B 511     2.09   1.2   2.09   1.5   0.00   0.0   2.09   1.5   0.00   0.0
RES ALA B 512    14.73  13.6  14.43  20.8   0.30   0.8  14.73  20.6   0.00   0.0
RES SER B 513    73.39  63.0  70.13  89.8   3.27   8.5  39.89  82.2  33.50  49.3
RES LEU B 514     1.42   0.8   1.31   0.9   0.11   0.3   1.31   0.9   0.11   0.3
RES LEU B 515     7.39   4.1   5.93   4.2   1.46   3.9   5.93   4.2   1.46   4.0
RES LEU B 516   105.35  59.0  82.22  58.3  23.13  61.7  83.30  58.5  22.05  60.7
RES ALA B 517    50.24  46.5  40.97  59.0   9.27  24.0  40.97  57.4   9.27  25.3
RES ASN B 518     8.27   5.7   1.01   1.0   7.26  19.3   1.81   3.9   6.46   6.6
RES ARG B 519   100.90  42.3 100.14  49.8   0.76   2.0  79.37 102.0  21.53  13.4
RES SER B 520    14.69  12.6  12.10  15.5   2.59   6.7  12.10  24.9   2.59   3.8
RES LEU B 521     4.16   2.3   3.18   2.3   0.97   2.6   3.18   2.2   0.97   2.7
RES ARG B 522    93.81  39.3  93.47  46.4   0.34   0.9  25.67  33.0  68.15  42.3
RES GLU B 523    20.40  11.8  20.40  15.1   0.00   0.0   3.39   5.6  17.01  15.2
RES LEU B 524     2.12   1.2   2.12   1.5   0.00   0.0   2.12   1.5   0.00   0.0
RES ASP B 525    14.53  10.4  14.53  14.2   0.00   0.0   0.41   0.8  14.12  15.5
RES LEU B 526     4.14   2.3   4.04   2.9   0.10   0.3   4.04   2.8   0.10   0.3
RES SER B 527     1.02   0.9   1.02   1.3   0.00   0.0   0.00   0.0   1.02   1.5
RES ASN B 528    42.99  29.9  35.57  33.5   7.42  19.7  21.02  45.5  21.98  22.5
RES ASN B 529    23.89  16.6   2.77   2.6  21.12  56.0   7.05  15.2  16.84  17.2
RES CYS B 530    47.68  35.5  45.69  47.2   1.98   5.3  45.75  46.7   1.93   5.3
RES VAL B 531     6.74   4.5   3.04   2.7   3.70  10.0   3.04   2.6   3.70  10.3
RES GLY B 532     1.31   1.6   1.31   4.1   0.00   0.0   1.31   3.5   0.00   0.0
RES ASP B 533    23.29  16.6  23.11  22.5   0.18   0.5  11.62  23.6  11.67  12.8
RES PRO B 534    70.62  51.9  69.82  58.2   0.80   4.9  69.82  57.7   0.80   5.3
RES GLY B 535     0.00   0.0   0.00   0.0   0.00   0.0   0.00   0.0   0.00   0.0
RES VAL B 536     0.49   0.3   0.49   0.4   0.00   0.0   0.49   0.4   0.00   0.0
RES LEU B 537    57.93  32.4  53.50  37.9   4.43  11.8  54.37  38.2   3.55   9.8
RES GLN B 538    62.82  35.2  60.32  42.8   2.50   6.7  35.72  68.4  27.09  21.5
RES LEU B 539     0.55   0.3   0.55   0.4   0.00   0.0   0.55   0.4   0.00   0.0
RES LEU B 540     0.56   0.3   0.56   0.4   0.00   0.0   0.56   0.4   0.00   0.0
RES GLY B 541    38.60  48.2  31.06  96.1   7.54  15.8  35.69  95.1   2.91   6.8
RES SER B 542     4.93   4.2   3.79   4.9   1.14   3.0   1.02   2.1   3.92   5.8
RES LEU B 543     0.13   0.1   0.13   0.1   0.00   0.0   0.13   0.1   0.00   0.0
RES GLU B 544    81.45  47.3  63.17  46.9  18.28  48.7  21.17  35.1  60.28  53.8
RES GLN B 545    92.47  51.8  92.47  65.6   0.00   0.0  17.08  32.7  75.39  59.7
RES PRO B 546   117.64  86.4 101.58  84.7  16.05  98.9 102.36  84.6  15.27 100.6
RES GLY B 547    78.06  97.5  38.39 118.7  39.67  83.0  43.68 116.3  34.38  80.8
RES CYS B 548    15.89  11.8   2.07   2.1  13.82  36.8   2.19   2.2  13.69  37.7
RES ALA B 549    30.02  27.8  21.03  30.3   8.98  23.3  21.31  29.9   8.71  23.8
RES LEU B 550     8.02   4.5   1.39   1.0   6.64  17.7   1.39   1.0   6.64  18.3
RES GLU B 551    84.30  48.9  84.12  62.4   0.19   0.5  28.10  46.6  56.20  50.2
RES GLN B 552    36.14  20.2  36.14  25.6   0.00   0.0   2.94   5.6  33.20  26.3
RES LEU B 553     0.74   0.4   0.74   0.5   0.00   0.0   0.74   0.5   0.00   0.0
RES VAL B 554     0.00   0.0   0.00   0.0   0.00   0.0   0.00   0.0   0.00   0.0
RES LEU B 555     0.58   0.3   0.58   0.4   0.00   0.0   0.58   0.4   0.00   0.0
RES TYR B 556     7.59   3.6   7.59   4.3   0.00   0.0   2.04   1.5   5.55   7.3
RES ASP B 557    35.13  25.0  22.04  21.5  13.10  34.7  15.84  32.2  19.29  21.2
RES THR B 558    15.84  11.4   2.74   2.7  13.10  34.9   2.53   3.3  13.31  20.9
RES TYR B 559    13.95   6.6  11.06   6.2   2.90   8.2  11.06   8.1   2.90   3.8
RES TRP B 560    29.82  12.0  17.93   8.5  11.89  31.2  10.55   5.6  19.26  32.3
RES THR B 561    24.18  17.4  23.62  23.2   0.56   1.5  19.97  26.4   4.22   6.6
RES GLU B 562    80.91  47.0  80.59  59.8   0.32   0.9  47.51  78.8  33.40  29.8
RES GLU B 563   124.25  72.1 122.19  90.7   2.06   5.5  74.82 124.1  49.43  44.2
RES VAL B 564     6.19   4.1   6.19   5.4   0.00   0.0   6.19   5.4   0.00   0.0
RES GLU B 565    39.87  23.1  39.87  29.6   0.00   0.0  25.29  41.9  14.58  13.0
RES ASP B 566    77.71  55.4  74.99  73.0   2.72   7.2  32.98  67.0  44.73  49.1
RES ARG B 567    99.92  41.8  99.07  49.2   0.84   2.3  45.69  58.7  54.23  33.7
RES LEU B 568     9.36   5.2   9.36   6.6   0.00   0.0   9.36   6.6   0.00   0.0
RES GLN B 569    97.18  54.4  86.76  61.5  10.42  27.8  35.56  68.1  61.62  48.8
RES ALA B 570    62.26  57.7  57.30  82.5   4.97  12.9  57.96  81.2   4.30  11.8
RES LEU B 571     5.70   3.2   5.50   3.9   0.20   0.5   5.50   3.9   0.20   0.6
RES GLU B 572    57.29  33.3  51.15  38.0   6.14  16.4  14.08  23.4  43.21  38.6
RES GLY B 573    53.34  66.6  32.36 100.1  20.97  43.9  36.65  97.6  16.68  39.2
RES SER B 574    86.12  73.9  63.04  80.7  23.08  60.1  34.31  70.7  51.81  76.3
RES LYS B 575    57.04  28.4  56.87  34.8   0.17   0.5  56.15  48.2   0.89   1.1
RES PRO B 576   108.47  79.7  87.47  73.0  21.00 129.4  88.62  73.3  19.85 130.7
RES GLY B 577    67.91  84.8  43.80 135.5  24.11  50.5  48.13 128.2  19.78  46.5
RES LEU B 578    10.24   5.7   4.76   3.4   5.48  14.6   4.76   3.3   5.48  15.1
RES ARG B 579   129.15  54.1 129.15  64.2   0.00   0.0  36.24  46.6  92.90  57.7
RES VAL B 580    16.54  10.9   1.40   1.2  15.14  40.7   1.40   1.2  15.14  42.1
RES ILE B 581    14.88   8.5  14.88  10.8   0.00   0.0  14.88  10.7   0.00   0.0
RES SER B 582    34.14  29.3  16.00  20.5  18.14  47.2  15.24  31.4  18.90  27.8
END  Absolute sums over single chains surface 
CHAIN  1 A     5675.0       4773.1        901.9       3258.6       2416.4
CHAIN  2 B    17530.0      15787.0       1743.0       9510.0       8020.0
END  Absolute sums over all chains 
TOTAL         23205.0      20560.1       2644.9      12768.6      10436.4
